Multiple size <= 100
TEST 1 ARG:99 6 90 7 8 48 88 66 0 34 2 85 91 53 39 13 71 70 19 77 50 67 56 79 97 54 9 37 21 72 43 26 33 94 40 82 3 76 25 46 38 52 24 11 83 14 44 1 65 47 35 68 61 96 81 49 55 27 30 93 69 31 95 5 29 23 45 58 60 78 41 18 62 84 75 4 32 59 51 74 20 86 87 64 36 42 10 22 73 16 12 89 15 63 57 98 92 28 17 80
TEST 2 ARG:91 74 5 62 7 44 98 99 14 49 89 22 10 88 56 19 58 27 1 84 53 29 71 65 77 86 50 60 61 87 17 39 75 79 21 83 85 20 55 67 46 68 12 0 4 9 18 48 92 23 37 36 64 96 11 26 94 43 40 70 33 81 63 78 25 30 35 32 2 54 82 59 24 13 76 38 73 8 97 6 31 45 28 51 15 16 93 95 66 42 47 80 57 34 3 69 72 90 52 41
TEST 3 ARG:24 44 28 95 69 45 81 18 73 75 34 88 84 72 14 80 82 97 36 91 27 2 7 60 8 39 31 0 86 66 54 65 16 62 32 38 53 19 22 25 41 40 87 42 6 30 55 74 26 77 13 12 43 11 71 79 94 93 52 67 1 51 15 37 35 92 68 90 46 63 33 56 78 61 9 89 99 76 59 21 23 64 98 57 49 70 20 29 3 96 58 47 48 50 85 4 10 83 17 5
TEST 4 ARG:56 7 20 2 16 30 73 51 79 70 47 82 3 76 27 15 80 12 11 99 24 78 34 4 19 81 97 22 9 29 62 31 89 14 88 57 66 60 52 74 53 36 94 69 50 85 83 38 13 75 86 45 5 40 67 98 37 42 96 33 32 43 28 10 23 44 92 41 25 58 21 87 1 0 90 39 35 63 72 95 18 59 55 93 17 71 91 77 48 64 65 61 26 8 6 68 49 46 54 84
TEST 5 ARG:56 89 17 34 4 3 8 25 24 67 12 93 94 16 36 95 72 99 37 70 9 54 80 98 97 88 74 60 87 18 0 44 42 90 28 39 73 77 78 76 23 96 6 35 1 92 53 46 52 30 15 41 82 84 26 81 38 32 7 47 79 51 75 49 91 57 83 85 86 27 14 13 69 55 40 48 19 59 11 64 45 68 43 21 2 58 71 50 65 20 29 33 22 63 66 31 5 61 62 10
TEST 6 ARG:21 6 54 63 30 43 93 95 46 83 87 50 22 75 90 31 48 74 37 67 3 11 17 81 41 42 70 45 12 71 2 34 96 80 53 78 4 16 89 92 14 28 13 94 5 91 76 36 84 72 49 98 24 47 26 64 79 20 88 51 18 55 44 65 10 86 27 7 62 60 56 99 32 25 97 40 77 38 66 0 52 57 33 58 19 1 85 9 39 82 68 23 8 73 35 29 59 61 69 15
TEST 7 ARG:90 85 41 66 29 91 34 89 70 5 21 87 46 76 30 50 44 42 61 48 11 72 24 37 6 95 77 94 49 75 74 73 99 23 78 53 56 1 79 68 2 39 28 96 27 3 45 32 88 36 67 10 64 19 98 4 97 55 20 17 62 7 43 0 84 86 35 57 65 59 18 8 82 47 31 15 13 80 26 51 25 9 54 22 83 63 93 12 16 60 38 58 81 71 14 33 92 40 69 52
TEST 8 ARG:8 48 11 58 4 85 39 44 13 43 29 21 82 73 88 86 1 79 55 30 28 16 78 49 94 53 91 20 45 69 24 23 51 10 26 41 27 46 31 83 60 68 84 52 34 2 18 3 92 74 12 15 96 67 63 9 64 6 47 59 76 80 97 38 95 81 65 7 89 87 54 50 98 42 57 93 32 61 70 0 66 71 22 25 56 62 17 75 40 35 99 19 72 33 36 5 90 37 14 77
TEST 9 ARG:58 22 36 61 31 2 85 20 18 90 80 41 98 64 9 6 48 82 10 81 52 84 47 32 69 35 88 53 94 24 27 73 87 37 12 55 89 78 46 71 34 76 65 19 5 75 56 30 63 45 59 39 72 15 13 66 62 14 51 74 0 7 29 70 91 57 25 40 1 21 43 33 44 86 16 4 67 77 26 99 49 68 8 11 92 23 93 50 96 83 28 17 97 42 60 95 79 3 54 38
TEST 10 ARG:23 91 47 3 60 72 55 87 57 44 76 34 62 67 99 42 32 43 71 53 90 58 15 77 51 36 68 1 66 69 95 7 17 93 4 5 14 18 89 10 8 70 98 81 26 16 13 28 64 25 96 22 21 84 45 33 19 30 46 83 29 35 11 74 0 61 97 85 9 40 6 38 49 2 75 82 92 31 78 63 27 20 12 52 59 39 79 94 48 56 24 41 65 73 50 88 80 37 86 54
